Accuracy: 0.7655062024809924
Precision: 0.7504526976250756
Recall: 0.7655062024809924
F1: 0.7558324919714619
